%YAML:1.0
---
K1: !!opencv-matrix
   rows: 3
   cols: 3
   dt: d
   data: [ 635.6525, -2.8753, 317.1989, 0., 636.4977, 221.4475, 0., 0., 1. ]
D1: !!opencv-matrix
   rows: 1
   cols: 5
   dt: d
   data: [ 0.0017, 0.2566, 0.0001, -0.0016, -0.9115 ]
K2: !!opencv-matrix
   rows: 3
   cols: 3
   dt: d
   data: [ 629.6472, -3.5560, 305.7944, 0., 630.8171, 238.9473, 0., 0., 1. ]
D2: !!opencv-matrix
   rows: 1
   cols: 5
   dt: d
   data: [ 0.0506 , -0.1836, -0.0005, -0.0014, 0.3051 ]
R: !!opencv-matrix
   rows: 3
   cols: 3
   dt: d
   data: [ 1, 0.0014, -0.0016, -0.0014, 1, -0.0042, 0.0016, 0.0042, 1 ]
T: !!opencv-matrix
   rows: 3
   cols: 1
   dt: d
   data: [ -63.2853, 0.2598, -1.4261 ]
E: !!opencv-matrix
   rows: 3
   cols: 3
   dt: d
   data: [ -0.0016, 1.4271, 0.2539, -1.3255, 0.2617, 63.2869, -0.1723, -63.2850, 0.2640 ]
F: !!opencv-matrix
   rows: 3
   cols: 3
   dt: d
   data: [ -3.8962e-09, 0, -0.0004, -3.3056e-06, 0, 0.1012, 5.1997e-04, -0.1007, -1.7033]
R1: !!opencv-matrix
   rows: 3
   cols: 3
   dt: d
   data: [ 0.99977726, -0.0026132,   0.02094305, 0.00265704,  0.99999434, -0.00206588, -0.02093754,  0.00212107,  0.99977854]
R2: !!opencv-matrix
   rows: 3
   cols: 3
   dt: d
   data: [ 0.99973778, -0.00410414,  0.02252855, 0.00405696,  0.99998948,  0.00213943, -0.02253709, -0.00204747,  0.99974391]
P1: !!opencv-matrix
   rows: 3
   cols: 4
   dt: d
   data: [ 600.10294739, 0., 293.15876389, 0., 0.,
       600.10294739, 229.02813148, 0., 0., 0., 1.,
       0. ]
P2: !!opencv-matrix
   rows: 3
   cols: 4
   dt: d
   data: [ 6.00102947e+02, 0., 2.93158764e+02,
       -3.79876563e+04, 0., 6.00102947e+02,
       2.29028131e+02, 0., 0., 0., 1., 0. ]
Q: !!opencv-matrix
   rows: 4
   cols: 4
   dt: d
   data: [ 1., 0., 0., -2.93158764e+02, 0., 1., 0.,
       -2.29028131e+02, 0., 0., 0., 6.00102947e+02, 0.,
       0., 1.57973143e-02, 0. ]
